3
7 7 7 24 
0 50 20
1 10 25
1 21 0 3
1 22 25
1 21 0 3
1 39 25
1 21 0 3
1 55 25
1 21 0 3
1 67 25
1 21 0 3
1 76 25
1 21 0 3
1 84 25
1 21 0 3
2 10 9
1 5 0 3
2 22 9
1 5 0 3
2 39 9
1 5 0 3
2 55 9
1 5 0 3
2 67 9
1 5 0 3
2 76 9
1 5 0 3
2 84 9
1 5 0 3
3 6 17
3 18 17
3 35 17
3 51 17
3 63 17
3 78 17
3 93 17
4 84 22
4 72 22
4 60 22
4 48 22
4 36 22
4 24 22
4 12 22
4 0 22
4 84 5
4 72 5
4 60 5
4 48 5
4 36 5
4 24 5
4 12 5
4 0 5
4 84 13
4 72 13
4 60 13
4 48 13
4 36 13
4 24 13
4 12 13
4 0 13